========================================
 REPORTE DE EJECUCIÓN TSP
========================================

Fecha: 18/09/2026 13:09:10
Modo: multi
Semillas: [1 42 123 456 789 2026 12345 987654321 2147483647 6195882057724809285]
Tiempo total: 53.143824437s

----------------------------------------
PARÁMETROS
----------------------------------------

{Lote:700 MaxIntentosPorLote:5000 MaxLotesPorTemperatura:200 Phi:0.996 Epsilon:1e-06 Aceptacion:0.9 EpsilonP:0.02 IteracionesPorcentaje:200}

----------------------------------------
RESULTADOS
----------------------------------------

Semilla: 1
Costo: 0.285207
Factible: true
Trayectoria: 657,168,2,653,490,654,820,332,982,816,7,656,1,815,496,172,163,329,493,979,331,984,491,489,333,3,165,981,6,5,978,4,817,492,164,327,980,244,75,652

Semilla: 42
Costo: 0.275713
Factible: true
Trayectoria: 489,4,817,978,5,6,165,3,333,981,820,332,982,816,7,654,490,653,656,2,168,1,815,657,496,172,163,329,493,979,331,984,491,492,164,327,980,244,75,652

Semilla: 123
Costo: 0.292095
Factible: true
Trayectoria: 332,982,816,7,653,490,654,820,981,333,3,165,6,5,978,4,817,492,491,489,75,652,244,980,327,164,984,331,979,493,163,329,496,172,2,656,815,1,168,657

Semilla: 456
Costo: 0.266356
Factible: true
Trayectoria: 7,816,982,332,820,654,490,653,2,656,1,168,657,815,496,172,163,329,493,979,4,165,3,333,981,6,5,978,817,489,492,491,984,331,164,327,980,244,75,652

Semilla: 789
Costo: 0.271801
Factible: true
Trayectoria: 7,816,982,332,820,654,490,653,2,656,1,168,657,815,496,172,163,329,493,979,331,817,978,5,6,981,333,3,165,4,489,492,491,984,164,327,980,244,75,652

Semilla: 2026
Costo: 0.296570
Factible: true
Trayectoria: 657,168,1,656,2,172,815,496,329,493,979,489,4,165,3,333,981,163,653,7,816,982,332,820,654,490,5,6,978,817,492,491,984,331,164,327,980,244,75,652

Semilla: 12345
Costo: 0.272929
Factible: true
Trayectoria: 7,816,982,332,820,654,490,653,2,656,1,168,657,815,496,172,163,329,493,979,331,984,491,489,4,165,3,333,981,6,5,978,817,492,164,327,980,244,75,652

Semilla: 987654321
Costo: 0.310912
Factible: true
Trayectoria: 982,332,820,654,490,653,7,816,2,656,1,168,657,815,496,172,163,981,333,3,165,4,489,817,978,6,5,329,493,979,331,984,164,327,980,244,492,491,75,652

Semilla: 2147483647
Costo: 0.297647
Factible: true
Trayectoria: 332,982,816,7,653,490,654,820,163,2,656,1,168,657,815,172,496,329,493,979,331,327,980,244,164,984,491,492,817,4,978,5,6,981,165,3,333,489,75,652

Semilla: 6195882057724809285
Costo: 0.297660
Factible: true
Trayectoria: 657,168,329,496,172,2,656,815,1,7,653,490,654,816,982,332,820,163,981,333,3,165,6,5,978,4,489,817,493,979,331,984,491,492,164,327,980,244,75,652

========================================
