========================================
 REPORTE DE EJECUCIÓN TSP
========================================

Fecha: 18/09/2026 13:13:21
Modo: multi
Semillas: [1 42 123 456 789 2026 12345 987654321 2147483647 6195882057724809285]
Tiempo total: 104.911158ms

----------------------------------------
PARÁMETROS
----------------------------------------

{Lote:30 MaxIntentosPorLote:500 MaxLotesPorTemperatura:50 Phi:0.85 Epsilon:1e-06 Aceptacion:0.9 EpsilonP:0.02 IteracionesPorcentaje:50}

----------------------------------------
RESULTADOS
----------------------------------------

Semilla: 1
Costo: 0.270658
Factible: true
Trayectoria: 489,817,978,5,6,4,165,3,333,981,820,332,982,816,7,654,490,653,2,656,1,168,657,815,496,172,163,329,493,979,331,984,491,492,164,327,980,244,75,652

Semilla: 42
Costo: 0.272551
Factible: true
Trayectoria: 979,493,329,163,172,496,815,657,168,1,656,2,653,7,816,982,332,820,654,490,333,981,3,165,6,5,978,817,4,489,492,491,984,331,164,327,980,244,75,652

Semilla: 123
Costo: 0.276297
Factible: true
Trayectoria: 979,493,329,163,657,168,1,815,496,172,2,656,653,490,654,820,7,816,982,332,981,333,3,165,6,5,978,817,4,489,492,491,984,331,164,327,980,244,75,652

Semilla: 456
Costo: 0.280647
Factible: true
Trayectoria: 979,493,329,657,168,1,815,496,172,163,2,656,7,816,982,332,490,653,654,820,981,333,165,3,978,5,6,817,4,489,492,491,984,331,164,327,980,244,75,652

Semilla: 789
Costo: 0.275044
Factible: true
Trayectoria: 979,493,329,496,172,815,657,168,1,656,2,7,816,982,332,820,654,490,653,163,6,5,978,817,981,333,3,165,4,489,492,491,984,331,164,327,980,244,75,652

Semilla: 2026
Costo: 0.283470
Factible: true
Trayectoria: 7,816,982,332,820,654,490,653,163,172,2,656,1,168,657,815,496,329,493,979,331,984,491,492,164,327,980,244,652,75,489,817,4,165,3,333,981,6,5,978

Semilla: 12345
Costo: 0.280572
Factible: true
Trayectoria: 657,168,1,656,2,7,816,982,332,820,654,490,653,815,496,172,163,329,493,979,331,984,491,492,164,327,980,244,652,75,489,4,817,978,5,6,165,3,333,981

Semilla: 987654321
Costo: 0.280013
Factible: true
Trayectoria: 7,816,982,332,820,654,490,653,2,656,1,168,657,815,496,172,163,329,493,979,331,984,491,489,333,981,3,165,6,5,978,4,817,492,164,327,980,244,75,652

Semilla: 2147483647
Costo: 0.276953
Factible: true
Trayectoria: 331,979,493,329,496,815,657,168,1,7,816,982,332,820,654,490,653,656,2,172,163,5,978,6,981,333,3,165,4,817,489,492,491,984,164,327,980,244,75,652

Semilla: 6195882057724809285
Costo: 0.276809
Factible: true
Trayectoria: 657,168,1,815,496,656,2,7,816,982,332,820,654,490,653,172,163,329,493,979,331,984,491,489,4,165,3,333,981,6,5,978,817,492,164,327,980,244,75,652

========================================
