========================================
 REPORTE DE EJECUCIÓN TSP
========================================

Fecha: 18/09/2026 13:15:56
Modo: multi
Semillas: [1 42 123 456 789 2026 12345 987654321 2147483647 6195882057724809285]
Tiempo total: 13.337677796s

----------------------------------------
PARÁMETROS
----------------------------------------

{Lote:150 MaxIntentosPorLote:8000 MaxLotesPorTemperatura:300 Phi:0.995 Epsilon:1e-07 Aceptacion:0.9 EpsilonP:0.02 IteracionesPorcentaje:200}

----------------------------------------
RESULTADOS
----------------------------------------

Semilla: 1
Costo: 0.263820
Factible: true
Trayectoria: 979,493,329,163,172,496,815,657,168,1,656,2,653,490,654,7,816,982,332,820,981,333,3,165,6,5,978,817,4,489,492,491,984,331,164,327,980,244,75,652

Semilla: 42
Costo: 0.263820
Factible: true
Trayectoria: 979,493,329,163,172,496,815,657,168,1,656,2,653,490,654,7,816,982,332,820,981,333,3,165,6,5,978,817,4,489,492,491,984,331,164,327,980,244,75,652

Semilla: 123
Costo: 0.266753
Factible: true
Trayectoria: 657,168,1,815,496,172,2,656,7,816,982,332,820,654,490,653,163,329,979,493,5,978,6,981,333,3,165,4,817,489,492,491,984,331,164,327,980,244,75,652

Semilla: 456
Costo: 0.267965
Factible: true
Trayectoria: 657,168,1,815,656,2,7,816,982,332,820,654,490,653,163,172,496,329,979,493,5,978,6,981,333,3,165,4,817,489,492,491,984,331,164,327,980,244,75,652

Semilla: 789
Costo: 0.266906
Factible: true
Trayectoria: 979,493,329,163,172,496,815,657,168,1,656,2,653,490,654,7,816,982,332,820,333,3,165,981,6,5,978,817,4,489,492,491,984,331,164,327,980,244,75,652

Semilla: 2026
Costo: 0.263820
Factible: true
Trayectoria: 979,493,329,163,172,496,815,657,168,1,656,2,653,490,654,7,816,982,332,820,981,333,3,165,6,5,978,817,4,489,492,491,984,331,164,327,980,244,75,652

Semilla: 12345
Costo: 0.265408
Factible: true
Trayectoria: 979,493,329,163,172,496,815,657,168,1,656,2,653,490,654,7,816,982,332,820,981,333,3,165,4,6,5,978,817,489,492,491,984,331,164,327,980,244,75,652

Semilla: 987654321
Costo: 0.263820
Factible: true
Trayectoria: 979,493,329,163,172,496,815,657,168,1,656,2,653,490,654,7,816,982,332,820,981,333,3,165,6,5,978,817,4,489,492,491,984,331,164,327,980,244,75,652

Semilla: 2147483647
Costo: 0.263820
Factible: true
Trayectoria: 979,493,329,163,172,496,815,657,168,1,656,2,653,490,654,7,816,982,332,820,981,333,3,165,6,5,978,817,4,489,492,491,984,331,164,327,980,244,75,652

Semilla: 6195882057724809285
Costo: 0.263820
Factible: true
Trayectoria: 979,493,329,163,172,496,815,657,168,1,656,2,653,490,654,7,816,982,332,820,981,333,3,165,6,5,978,817,4,489,492,491,984,331,164,327,980,244,75,652

========================================
