========================================
 REPORTE DE EJECUCIÓN TSP
========================================

Fecha: 18/09/2026 13:18:25
Modo: multi
Semillas: [1 42 123 456 789 2026 12345 987654321 2147483647 6195882057724809285]
Tiempo total: 21.90204ms

----------------------------------------
PARÁMETROS
----------------------------------------

{Lote:150 MaxIntentosPorLote:60 MaxLotesPorTemperatura:200 Phi:0.95 Epsilon:1e-06 Aceptacion:0.9 EpsilonP:0.02 IteracionesPorcentaje:200}

----------------------------------------
RESULTADOS
----------------------------------------

Semilla: 1
Costo: 0.282587
Factible: true
Trayectoria: 657,168,1,815,496,329,979,493,163,172,2,656,7,816,654,490,653,820,332,982,333,3,165,981,6,5,978,817,4,489,492,491,984,331,164,327,980,244,75,652

Semilla: 42
Costo: 0.282441
Factible: true
Trayectoria: 331,979,493,163,329,496,172,815,657,168,1,656,2,653,490,654,820,7,816,982,332,981,333,3,165,6,5,978,817,4,489,492,491,984,164,327,980,244,75,652

Semilla: 123
Costo: 0.295811
Factible: true
Trayectoria: 657,168,1,815,172,496,329,163,2,656,7,816,654,490,653,820,332,982,333,3,165,981,6,5,978,4,817,493,979,489,492,491,984,331,164,327,980,244,75,652

Semilla: 456
Costo: 0.276134
Factible: true
Trayectoria: 332,982,816,7,653,490,654,820,981,333,3,165,4,489,817,978,5,6,163,172,2,656,1,168,657,815,496,329,493,979,331,984,491,492,164,327,980,244,75,652

Semilla: 789
Costo: 0.273024
Factible: true
Trayectoria: 657,168,1,7,816,982,332,820,654,490,653,2,656,815,172,496,329,163,493,979,4,165,3,333,981,6,5,978,817,489,492,491,984,331,164,327,980,244,75,652

Semilla: 2026
Costo: 0.280856
Factible: true
Trayectoria: 657,168,1,815,496,172,2,656,7,816,982,332,820,654,490,653,163,329,493,979,331,984,491,492,164,327,980,244,652,75,489,4,165,3,333,981,6,5,978,817

Semilla: 12345
Costo: 0.290169
Factible: true
Trayectoria: 657,168,1,815,656,2,163,172,496,329,493,979,653,490,654,820,7,816,982,332,981,6,5,978,333,3,165,4,817,489,492,491,984,331,164,327,980,244,75,652

Semilla: 987654321
Costo: 0.286719
Factible: true
Trayectoria: 657,168,1,815,656,2,163,172,496,329,493,979,653,490,654,820,7,816,982,332,981,333,3,165,4,6,5,978,817,489,492,491,984,331,164,327,980,244,75,652

Semilla: 2147483647
Costo: 0.285131
Factible: true
Trayectoria: 657,168,1,815,656,2,163,172,496,329,493,979,653,490,654,820,7,816,982,332,981,333,3,165,6,5,978,817,4,489,492,491,984,331,164,327,980,244,75,652

Semilla: 6195882057724809285
Costo: 0.299278
Factible: true
Trayectoria: 657,496,172,815,1,168,2,656,7,816,654,490,653,163,329,979,493,817,978,5,6,981,820,332,982,333,3,165,4,489,492,491,984,331,164,327,980,244,75,652

========================================
