========================================
 REPORTE DE EJECUCIÓN TSP
========================================

Fecha: 18/09/2026 13:21:31
Modo: multi
Semillas: [1 42 123 456 789 2026 12345 987654321 2147483647 6195882057724809285]
Tiempo total: 936.956384ms

----------------------------------------
PARÁMETROS
----------------------------------------

{Lote:150 MaxIntentosPorLote:5000 MaxLotesPorTemperatura:2 Phi:0.95 Epsilon:1e-06 Aceptacion:0.9 EpsilonP:0.02 IteracionesPorcentaje:200}

----------------------------------------
RESULTADOS
----------------------------------------

Semilla: 1
Costo: 0.267736
Factible: true
Trayectoria: 979,493,329,163,172,496,815,657,168,1,656,2,7,816,982,332,820,654,653,490,978,5,6,981,333,3,165,4,817,489,492,491,984,331,164,327,980,244,75,652

Semilla: 42
Costo: 0.275362
Factible: true
Trayectoria: 657,168,329,979,493,163,172,496,815,1,656,2,653,490,654,7,816,982,332,820,333,3,165,981,6,5,978,817,4,489,492,491,984,331,164,327,980,244,75,652

Semilla: 123
Costo: 0.267815
Factible: true
Trayectoria: 979,493,329,496,815,657,168,1,656,2,172,163,653,490,654,7,816,982,332,820,981,333,3,165,6,5,978,817,4,489,492,491,984,331,164,327,980,244,75,652

Semilla: 456
Costo: 0.270985
Factible: true
Trayectoria: 657,168,1,815,496,172,2,656,653,7,816,982,332,820,654,490,163,329,493,979,165,3,333,981,6,5,978,817,4,489,492,491,984,331,164,327,980,244,75,652

Semilla: 789
Costo: 0.277697
Factible: true
Trayectoria: 652,75,244,980,327,164,331,984,491,492,489,4,817,978,5,6,165,3,981,333,490,653,654,820,332,982,816,7,1,168,657,496,172,815,656,2,163,329,493,979

Semilla: 2026
Costo: 0.277160
Factible: true
Trayectoria: 7,816,982,332,820,654,490,653,656,2,168,657,496,815,1,172,163,329,979,493,817,978,5,6,981,333,3,165,4,489,492,491,984,331,164,327,980,244,75,652

Semilla: 12345
Costo: 0.266692
Factible: true
Trayectoria: 657,168,1,815,496,172,2,656,7,816,982,332,820,654,490,653,163,329,493,979,4,165,3,333,981,6,5,978,817,489,492,491,984,331,164,327,980,244,75,652

Semilla: 987654321
Costo: 0.270758
Factible: true
Trayectoria: 657,168,2,656,653,490,654,820,332,982,816,7,1,815,496,172,163,329,493,979,165,3,333,981,6,5,978,817,4,489,492,491,984,331,164,327,980,244,75,652

Semilla: 2147483647
Costo: 0.272998
Factible: true
Trayectoria: 7,816,982,332,820,654,490,653,163,2,656,1,168,657,815,172,496,329,979,493,5,978,6,981,333,3,165,4,817,489,492,491,984,331,164,327,980,244,75,652

Semilla: 6195882057724809285
Costo: 0.272227
Factible: true
Trayectoria: 657,815,1,168,2,656,7,816,982,332,820,654,490,653,163,172,496,329,493,979,165,3,333,981,6,5,978,817,4,489,492,491,984,331,164,327,980,244,75,652

========================================
