========================================
 REPORTE DE EJECUCIÓN TSP
========================================

Fecha: 18/09/2026 13:24:31
Modo: multi
Semillas: [1 42 123 456 789 2026 12345 987654321 2147483647 6195882057724809285]
Tiempo total: 437.294752ms

----------------------------------------
PARÁMETROS
----------------------------------------

{Lote:1 MaxIntentosPorLote:5000 MaxLotesPorTemperatura:200 Phi:0.95 Epsilon:1e-06 Aceptacion:0.9 EpsilonP:0.02 IteracionesPorcentaje:200}

----------------------------------------
RESULTADOS
----------------------------------------

Semilla: 1
Costo: 0.286734
Factible: true
Trayectoria: 657,168,1,815,496,172,2,656,653,490,654,7,816,982,332,820,981,333,3,165,6,978,5,163,329,493,979,331,984,817,4,489,492,491,164,327,980,244,75,652

Semilla: 42
Costo: 0.266692
Factible: true
Trayectoria: 657,168,1,815,496,172,2,656,7,816,982,332,820,654,490,653,163,329,493,979,4,165,3,333,981,6,5,978,817,489,492,491,984,331,164,327,980,244,75,652

Semilla: 123
Costo: 0.283878
Factible: true
Trayectoria: 7,816,982,332,820,654,490,653,2,656,1,168,657,815,172,496,329,163,5,978,6,981,333,3,165,4,817,489,492,491,984,979,493,331,164,327,980,244,75,652

Semilla: 456
Costo: 0.269867
Factible: true
Trayectoria: 979,493,329,163,172,496,815,657,168,1,656,2,7,816,982,332,820,653,490,654,981,333,3,165,6,5,978,817,4,489,492,491,984,331,164,327,980,244,75,652

Semilla: 789
Costo: 0.269128
Factible: true
Trayectoria: 979,493,329,163,172,496,815,657,168,1,656,2,653,490,654,820,7,816,982,332,981,333,3,165,6,5,978,817,4,489,492,491,984,331,164,327,980,244,75,652

Semilla: 2026
Costo: 0.274053
Factible: true
Trayectoria: 1,168,657,496,172,815,656,2,7,816,982,332,820,654,490,653,163,329,493,979,489,4,165,3,333,981,6,5,978,817,492,491,984,331,164,327,980,244,75,652

Semilla: 12345
Costo: 0.283192
Factible: true
Trayectoria: 657,168,1,815,496,172,2,656,7,816,982,332,820,654,490,653,163,329,493,979,331,984,164,327,980,244,491,492,817,978,5,6,981,333,3,165,4,489,75,652

Semilla: 987654321
Costo: 0.283878
Factible: true
Trayectoria: 7,816,982,332,820,654,490,653,2,656,1,168,657,815,172,496,329,163,5,978,6,981,333,3,165,4,817,489,492,491,984,979,493,331,164,327,980,244,75,652

Semilla: 2147483647
Costo: 0.269525
Factible: true
Trayectoria: 652,75,244,980,327,164,331,984,491,492,489,817,978,5,6,981,333,3,165,4,979,493,329,163,172,653,490,654,820,332,982,816,7,2,656,815,496,657,168,1

Semilla: 6195882057724809285
Costo: 0.285365
Factible: true
Trayectoria: 657,168,1,815,496,329,163,172,2,656,7,816,332,982,654,490,653,820,981,333,3,165,6,5,978,4,489,817,493,979,331,984,491,492,164,327,980,244,75,652

========================================
