========================================
 REPORTE DE EJECUCIÓN TSP
========================================

Fecha: 18/09/2026 13:47:21
Modo: multi
Semillas: [1 42 123 456 789 2026 12345 987654321 2147483647 6195882057724809285]
Tiempo total: 12.950837344s

----------------------------------------
PARÁMETROS
----------------------------------------

{Lote:700 MaxIntentosPorLote:5000 MaxLotesPorTemperatura:200 Phi:0.996 Epsilon:1e-06 Aceptacion:0.9 EpsilonP:0.02 IteracionesPorcentaje:200}

----------------------------------------
RESULTADOS
----------------------------------------

Semilla: 1
Costo: 0.151257
Factible: true
Trayectoria: 837,979,493,509,329,19,839,496,182,172,815,505,168,9,508,986,1,829,661,657,663,832,184,667,656,2,173,673,507,7,823,678,816,187,982,14,181,332,345,820,26,654,490,653,344,665,676,163,351,22,185,991,1004,6,5,978,352,668,176,23,988,165,3,981,333,27,353,990,171,483,1075,652,16,520,186,671,179,512,821,75,346,183,77,489,4,174,817,347,499,492,25,17,164,11,501,491,984,1003,349,995,331,662,8,999,334,674,985,500,825,343,510,660,20,504,511,327,670,350,840,297,980,336,826,444,244,339,675,340,502,1038,12,828,822,1001,74,166,658,666,818,655,819,330,1073,169,1037,326,328,167,495,494

Semilla: 42
Costo: 0.151490
Factible: true
Trayectoria: 494,495,167,328,326,169,1037,166,1073,330,819,655,818,666,658,74,1001,822,297,980,336,670,20,660,510,343,8,662,999,334,674,985,500,825,504,327,511,350,840,826,339,244,340,502,828,12,1038,675,186,520,671,16,183,346,75,821,512,179,652,1075,483,171,77,489,817,347,499,491,492,25,501,17,444,164,11,1003,349,984,995,331,837,979,493,509,329,163,172,182,496,839,19,505,168,508,986,1,829,661,657,663,832,9,815,184,667,507,656,2,173,673,665,676,22,185,981,990,353,27,333,3,165,4,174,988,23,176,668,352,978,5,6,1004,351,991,26,820,654,490,344,653,7,823,678,816,187,982,14,181,332,345

Semilla: 123
Costo: 0.150861
Factible: true
Trayectoria: 494,495,167,328,326,1037,169,1073,330,819,655,818,666,658,166,74,1001,822,828,12,1038,502,339,244,186,520,675,340,297,980,336,840,350,670,20,660,510,343,825,500,985,674,504,327,511,826,444,17,501,11,164,334,1003,349,331,662,999,8,837,995,984,491,499,492,25,489,347,979,493,509,329,163,172,182,496,839,815,19,505,168,508,986,1,829,661,657,663,832,9,2,173,184,667,656,507,7,823,678,816,187,982,14,181,332,345,820,26,654,490,344,653,673,665,676,22,185,991,351,1004,6,5,978,352,668,176,23,817,4,174,988,165,3,981,333,27,990,353,75,346,183,77,171,652,1075,483,512,821,179,671,16

Semilla: 456
Costo: 41081.354303
Factible: false
Trayectoria: 166,658,666,818,655,819,330,1073,169,1037,326,328,167,495,494,510,660,20,343,985,500,825,504,511,327,670,350,840,336,980,297,1001,74,822,828,12,1038,502,340,675,186,520,16,652,1075,483,171,77,183,346,75,821,512,179,671,339,244,826,444,17,501,164,11,1003,334,674,999,8,662,331,995,349,984,491,492,25,347,499,489,4,174,988,165,3,981,333,990,353,27,991,185,22,351,1004,6,5,978,352,668,176,23,817,493,979,837,509,329,19,505,168,508,986,657,663,832,661,829,1,9,2,656,667,184,173,815,839,496,182,172,163,676,665,673,507,653,344,490,654,26,820,345,332,181,14,982,187,816,678,823,7

Semilla: 789
Costo: 0.148928
Factible: true
Trayectoria: 244,339,1038,12,828,502,340,675,186,520,16,671,179,171,652,1075,483,512,821,75,346,183,77,489,4,174,3,333,27,990,353,332,345,181,14,982,187,816,678,823,7,507,653,344,665,676,490,654,820,26,991,185,22,163,673,173,2,656,667,184,815,9,1,829,661,832,663,657,986,508,168,505,19,839,496,182,172,329,509,493,979,837,347,668,352,978,5,6,1004,351,981,165,988,23,176,817,499,491,492,25,17,444,826,11,164,501,984,995,331,662,8,999,349,1003,334,674,504,825,500,985,343,510,660,20,670,327,511,350,840,336,980,297,1001,74,822,166,1073,658,666,818,655,819,330,169,1037,326,328,167,495,494

Semilla: 2026
Costo: 67453.978293
Factible: false
Trayectoria: 652,1075,483,171,77,183,346,75,821,512,179,671,16,520,186,675,340,502,1038,12,828,822,74,1001,297,980,336,840,350,670,327,511,826,339,244,444,17,501,164,11,1003,334,674,985,500,825,504,20,660,510,343,999,8,662,331,995,349,984,491,492,25,347,499,489,4,174,988,165,3,981,333,990,353,27,991,185,22,351,1004,6,5,978,352,668,176,23,817,493,979,837,509,329,19,839,496,182,172,163,676,665,673,507,653,344,490,654,26,820,345,332,181,14,982,187,816,678,823,7,2,656,667,184,173,815,505,168,9,1,829,661,832,663,657,986,508,495,167,328,326,169,1073,330,819,655,818,666,658,166,1037,494

Semilla: 12345
Costo: 0.151919
Factible: true
Trayectoria: 494,495,167,328,326,1037,169,330,819,655,818,666,658,1073,166,74,1001,822,828,12,1038,502,340,297,980,336,840,350,670,20,660,510,343,985,500,825,504,674,334,1003,349,501,17,164,11,511,327,826,444,244,339,675,186,520,16,671,483,171,652,1075,821,512,179,183,75,346,77,489,817,347,499,492,25,491,984,995,331,662,999,8,837,979,493,509,329,168,505,986,508,657,663,832,661,829,1,9,815,839,19,496,182,172,163,673,173,184,667,656,2,507,7,823,678,816,187,982,14,181,332,345,820,26,654,490,653,344,665,676,22,185,991,351,1004,6,5,978,352,668,176,23,988,174,4,165,3,981,333,27,990,353

Semilla: 987654321
Costo: 0.145612
Factible: true
Trayectoria: 171,77,183,346,75,821,512,483,1075,652,179,671,16,520,186,675,1038,12,828,502,340,244,339,826,444,17,25,492,491,499,347,668,352,1004,6,5,978,23,176,817,489,4,174,988,165,3,333,27,353,990,981,351,22,185,991,332,345,181,14,982,187,678,823,7,816,654,820,26,490,676,665,344,653,507,656,2,173,184,667,673,163,172,815,9,1,829,661,832,663,657,508,986,505,168,839,182,496,19,329,509,493,979,837,8,999,662,331,995,349,984,501,164,11,1003,334,674,504,825,500,985,343,510,660,20,670,327,511,350,840,336,980,297,1001,74,822,166,658,666,818,655,819,330,1073,169,1037,326,328,167,495,494

Semilla: 2147483647
Costo: 0.161751
Factible: true
Trayectoria: 494,495,167,328,326,1037,169,1073,330,819,655,818,666,658,166,74,1001,980,336,840,297,822,828,12,1038,502,340,675,339,244,826,444,17,164,11,501,984,995,349,1003,334,674,504,327,511,350,670,20,660,510,825,500,985,343,999,8,662,331,837,979,347,499,491,492,25,489,77,183,16,520,186,671,346,75,821,512,179,652,1075,483,171,990,353,27,333,3,165,174,4,817,23,176,668,352,978,5,6,988,981,1004,351,22,185,991,26,820,654,490,653,344,676,665,673,173,815,839,19,496,182,172,163,329,493,509,508,986,505,168,9,1,829,657,663,661,832,184,667,656,2,507,7,823,678,816,187,982,14,181,332,345

Semilla: 6195882057724809285
Costo: 0.148410
Factible: true
Trayectoria: 494,495,167,328,326,1037,169,330,819,655,818,666,658,1073,166,74,1001,822,828,12,1038,502,340,244,339,675,186,520,16,671,179,652,1075,483,512,821,75,183,346,171,77,489,499,491,492,25,17,444,826,840,336,980,297,350,670,327,511,504,500,825,20,660,510,343,985,674,334,999,8,662,331,349,1003,11,164,501,984,995,347,817,4,174,165,3,333,27,353,990,981,351,1004,988,6,5,978,352,23,176,668,837,979,493,509,329,496,182,839,19,505,168,508,986,1,829,657,663,661,832,9,2,656,507,673,173,667,184,815,172,163,665,676,22,185,991,26,820,654,490,344,653,7,823,678,816,187,982,14,181,332,345

========================================
