========================================
 REPORTE DE EJECUCIÓN TSP
========================================

Fecha: 18/09/2026 13:49:52
Modo: multi
Semillas: [1 42 123 456 789 2026 12345 987654321 2147483647 6195882057724809285]
Tiempo total: 982.689378ms

----------------------------------------
PARÁMETROS
----------------------------------------

{Lote:30 MaxIntentosPorLote:500 MaxLotesPorTemperatura:50 Phi:0.85 Epsilon:1e-06 Aceptacion:0.9 EpsilonP:0.02 IteracionesPorcentaje:50}

----------------------------------------
RESULTADOS
----------------------------------------

Semilla: 1
Costo: 41081.356236
Factible: false
Trayectoria: 77,183,346,75,821,512,483,1075,652,171,179,671,16,520,186,675,340,502,828,12,1038,339,244,444,17,25,489,347,817,4,174,3,165,988,23,176,668,352,978,5,6,1004,991,185,22,351,981,333,27,990,353,332,345,181,14,982,187,816,678,823,7,507,2,656,667,184,173,673,665,344,653,490,654,26,820,676,163,172,815,839,182,496,19,505,168,1,829,657,663,661,832,9,508,986,329,509,493,979,837,8,999,662,331,995,349,1003,984,491,499,492,501,164,11,826,1001,74,822,297,980,336,840,350,670,327,511,504,825,500,985,674,334,343,20,660,510,494,495,167,328,326,1037,169,1073,330,819,655,818,666,658,166

Semilla: 42
Costo: 0.141622
Factible: true
Trayectoria: 494,495,167,328,326,1037,169,330,819,655,818,666,658,1073,166,822,74,1001,297,980,336,840,350,670,327,511,504,985,500,825,20,660,510,343,334,674,999,8,662,331,995,349,1003,984,491,499,347,837,979,493,509,329,986,508,657,663,832,661,829,1,9,168,505,19,839,496,182,172,163,673,815,184,667,173,2,656,507,7,823,678,816,187,982,14,181,332,345,820,26,654,490,653,344,665,676,22,185,991,351,1004,6,5,978,352,668,176,23,988,981,990,353,27,333,3,165,174,4,817,489,25,492,501,11,164,17,444,826,244,339,1038,12,828,502,340,675,186,520,16,671,179,512,821,1075,483,652,171,346,75,183,77

Semilla: 123
Costo: 0.153678
Factible: true
Trayectoria: 494,495,167,328,326,1037,169,1073,330,819,655,818,666,658,166,822,74,1001,980,297,828,12,1038,502,340,244,339,675,186,520,16,671,512,821,1075,483,652,179,171,346,75,183,77,489,25,492,491,984,995,349,1003,11,164,501,17,444,826,336,840,350,670,327,511,504,20,660,510,343,825,500,985,674,334,999,8,662,331,837,979,493,509,329,19,505,168,1,986,508,657,663,661,829,832,9,2,656,507,667,184,815,839,496,182,172,173,673,163,676,665,344,653,490,654,820,26,185,22,351,981,988,1004,6,5,978,352,23,176,668,347,499,817,4,174,165,3,990,353,27,333,991,332,345,181,14,982,187,816,678,823,7

Semilla: 456
Costo: 0.160211
Factible: true
Trayectoria: 658,666,818,655,819,330,169,328,167,495,494,326,1037,1073,166,822,74,1001,980,336,297,340,502,828,12,1038,675,520,179,671,16,186,339,244,444,826,840,350,670,327,511,504,985,500,825,20,660,510,343,8,662,999,674,334,1003,349,984,11,164,17,501,491,492,25,489,77,183,346,75,821,512,483,1075,652,171,990,353,27,333,991,676,22,185,351,1004,6,5,978,352,668,176,23,988,981,3,165,174,4,817,347,499,995,331,837,979,493,509,329,163,665,344,653,490,654,26,820,345,332,181,14,982,187,816,678,823,7,507,673,173,2,656,667,184,815,172,182,496,839,19,505,168,9,832,661,663,657,829,1,986,508

Semilla: 789
Costo: 0.159635
Factible: true
Trayectoria: 494,495,167,328,326,1037,169,1073,330,819,655,818,666,658,166,822,828,12,1038,502,340,520,16,671,186,675,339,244,826,444,17,25,492,499,347,491,501,164,11,984,349,1003,334,674,504,511,327,670,350,840,336,297,1001,74,980,510,660,20,825,500,985,343,999,8,662,331,995,837,979,493,509,329,496,182,839,19,505,168,508,986,657,663,832,661,829,1,9,2,656,667,184,815,172,173,673,507,653,344,665,163,351,1004,6,5,978,352,668,176,23,817,489,4,174,988,165,3,981,333,991,185,22,676,490,26,820,654,7,823,678,816,187,982,14,181,345,332,353,27,990,171,483,1075,652,179,512,821,75,346,183,77

Semilla: 2026
Costo: 0.149904
Factible: true
Trayectoria: 494,495,167,328,326,1037,169,330,819,655,818,666,658,1073,166,74,1001,822,828,12,1038,502,340,675,186,520,16,183,821,75,346,77,171,652,1075,483,512,179,671,339,244,826,511,327,504,674,334,1003,349,984,501,11,164,444,17,25,492,491,499,347,489,4,174,817,23,176,668,352,978,5,6,988,165,3,981,333,990,353,27,991,1004,351,22,185,26,820,345,332,181,14,982,187,816,678,823,7,507,653,654,490,344,676,665,673,173,184,667,656,2,9,1,829,661,832,663,657,508,986,505,168,815,839,496,182,172,163,19,329,509,493,979,837,995,331,662,8,999,343,510,660,20,825,500,985,670,350,840,336,980,297

Semilla: 12345
Costo: 0.147388
Factible: true
Trayectoria: 179,821,512,483,1075,652,171,77,346,75,183,16,671,520,186,675,340,502,828,12,1038,339,244,826,444,17,491,492,25,489,4,174,165,3,990,353,27,333,991,351,185,22,676,665,344,653,490,654,26,820,345,332,181,14,982,187,816,678,823,7,507,656,667,184,815,839,496,182,172,163,673,173,2,9,1,829,661,832,663,657,508,986,505,168,19,329,509,493,979,1004,981,988,6,5,978,352,668,176,23,817,347,499,984,501,164,11,1003,349,995,837,331,662,8,999,334,674,985,343,510,660,20,825,500,504,511,327,670,350,840,336,980,297,1001,74,822,166,658,666,818,655,819,330,1073,169,1037,326,328,167,495,494

Semilla: 987654321
Costo: 0.154082
Factible: true
Trayectoria: 494,495,167,328,326,1037,169,1073,330,819,655,818,666,658,166,822,74,1001,297,980,336,840,350,670,20,660,510,343,825,500,985,674,504,327,511,826,444,17,339,244,340,502,828,12,1038,675,186,520,16,671,179,512,821,1075,483,652,171,77,183,346,75,489,25,492,499,491,501,164,11,984,1003,349,999,334,8,662,331,995,493,979,837,347,817,4,174,23,176,668,352,978,5,6,988,165,3,981,333,990,353,27,991,1004,351,185,22,676,665,163,673,173,667,184,815,172,182,496,839,19,509,329,505,168,1,829,661,832,663,657,508,986,9,2,656,507,344,490,26,820,654,653,7,823,678,816,187,982,14,181,332,345

Semilla: 2147483647
Costo: 0.145037
Factible: true
Trayectoria: 77,183,346,75,821,512,483,1075,652,171,179,671,16,520,186,675,339,244,444,826,840,350,670,327,511,504,674,334,1003,349,984,501,11,164,17,25,492,491,499,347,817,489,4,174,165,988,23,176,668,352,978,5,6,1004,981,3,333,990,353,27,991,351,185,22,676,665,344,653,490,654,26,820,345,332,181,14,982,187,816,678,823,7,507,673,163,172,815,173,184,667,656,2,9,1,829,661,832,663,657,986,508,168,505,839,182,496,19,329,509,493,979,837,995,331,662,8,999,343,985,500,825,20,660,510,336,980,297,340,502,1038,12,828,822,1001,74,166,658,666,818,655,819,330,1073,169,1037,326,328,167,495,494

Semilla: 6195882057724809285
Costo: 0.151325
Factible: true
Trayectoria: 494,495,167,328,326,1037,169,1073,330,819,655,818,666,658,166,74,1001,822,828,12,1038,502,340,675,520,16,183,77,171,346,75,821,512,483,1075,652,179,671,186,244,339,336,980,297,840,350,670,327,511,504,500,825,20,660,510,343,985,674,999,8,662,331,995,837,979,493,509,329,19,505,168,9,663,657,508,986,1,829,661,832,184,667,656,2,507,653,344,490,654,7,823,678,816,187,982,14,181,332,345,820,26,991,27,353,990,333,981,3,165,174,4,817,489,25,492,501,17,444,826,11,164,334,1003,349,984,491,499,347,668,176,23,352,978,5,6,988,1004,351,185,22,676,665,673,173,815,839,496,182,172,163

========================================
