========================================
 REPORTE DE EJECUCIÓN TSP
========================================

Fecha: 18/09/2026 13:53:37
Modo: multi
Semillas: [1 42 123 456 789 2026 12345 987654321 2147483647 6195882057724809285]
Tiempo total: 1m14.506555544s

----------------------------------------
PARÁMETROS
----------------------------------------

{Lote:150 MaxIntentosPorLote:8000 MaxLotesPorTemperatura:300 Phi:0.995 Epsilon:1e-07 Aceptacion:0.9 EpsilonP:0.02 IteracionesPorcentaje:200}

----------------------------------------
RESULTADOS
----------------------------------------

Semilla: 1
Costo: 0.142207
Factible: true
Trayectoria: 7,823,678,816,187,982,14,181,332,345,820,26,654,490,676,665,344,653,507,656,2,9,986,508,657,663,832,661,829,1,168,505,19,839,496,182,172,815,184,667,173,673,163,329,509,493,979,837,995,349,1003,984,501,11,164,334,8,662,331,999,674,985,500,825,343,510,660,20,504,511,327,670,350,840,297,980,336,826,444,17,25,492,491,499,347,817,23,176,668,352,978,5,6,988,981,1004,351,22,185,991,27,353,990,333,3,165,174,4,489,77,183,346,75,821,512,483,1075,652,171,179,671,16,520,186,675,339,244,340,502,1038,12,828,822,1001,74,166,658,666,818,655,819,330,1073,169,1037,326,328,167,495,494

Semilla: 42
Costo: 0.144944
Factible: true
Trayectoria: 77,183,346,75,821,512,483,1075,652,171,179,671,16,520,186,675,340,502,828,12,1038,339,244,826,444,17,164,11,674,334,1003,349,501,491,984,995,347,499,492,25,489,817,4,174,988,23,176,668,352,978,5,6,1004,351,22,185,981,165,3,333,990,353,27,991,26,820,345,332,181,14,982,187,816,678,823,7,654,653,344,490,676,665,163,673,173,2,656,507,667,184,172,182,496,19,839,815,9,1,829,661,832,663,657,508,986,505,168,329,509,493,979,837,331,662,8,999,343,510,660,20,825,500,985,504,511,327,670,350,840,336,980,297,1001,74,822,166,658,666,818,655,819,330,1073,169,1037,326,328,167,495,494

Semilla: 123
Costo: 0.141805
Factible: true
Trayectoria: 494,495,167,328,326,1037,169,1073,330,819,655,818,666,658,166,74,1001,822,828,12,1038,502,340,244,339,675,186,520,16,671,179,652,1075,483,512,821,75,183,346,171,77,489,817,347,499,491,492,25,17,444,826,336,980,297,840,350,670,327,511,504,20,660,510,343,825,500,985,674,999,349,1003,334,164,11,501,984,995,331,662,8,837,979,493,509,329,163,673,182,172,496,839,19,505,168,508,986,1,829,661,657,663,832,9,815,173,184,667,656,2,507,7,823,678,816,187,982,14,181,332,345,820,26,654,490,653,344,665,676,22,185,991,351,1004,6,5,978,352,668,176,23,988,174,4,165,3,981,333,27,990,353

Semilla: 456
Costo: 0.149847
Factible: true
Trayectoria: 494,495,167,328,326,1037,169,1073,330,819,655,818,666,658,166,822,74,1001,297,980,336,510,660,20,343,825,500,985,674,504,511,327,670,350,840,826,444,17,25,492,491,984,995,349,501,164,11,1003,334,999,8,662,331,837,979,493,509,329,19,839,496,182,172,163,665,676,490,344,653,507,673,173,815,505,168,508,986,9,1,829,657,663,661,832,184,667,656,2,7,823,678,816,187,982,14,181,332,345,654,820,26,22,185,991,27,353,990,333,981,351,1004,5,6,988,3,165,4,174,23,978,352,668,176,817,347,499,489,77,346,75,183,16,520,1038,12,828,502,340,244,339,675,186,671,179,512,821,1075,483,652,171

Semilla: 789
Costo: 0.141589
Factible: true
Trayectoria: 77,183,346,75,821,512,483,1075,652,171,179,671,16,520,186,675,1038,12,828,502,340,244,339,826,444,17,25,492,491,499,347,817,489,4,174,3,333,27,353,990,981,165,988,23,176,668,352,978,5,6,1004,351,22,185,991,26,820,345,332,181,14,982,187,816,678,823,7,507,653,654,490,344,676,665,673,163,172,182,496,839,815,184,667,173,2,656,832,663,657,661,829,1,986,508,9,168,505,19,329,509,493,979,837,995,331,8,662,349,984,501,164,11,1003,334,674,999,343,510,660,20,825,500,985,504,511,327,670,350,840,336,980,297,1001,74,822,166,658,666,818,655,819,330,1073,169,1037,326,328,167,495,494

Semilla: 2026
Costo: 0.143347
Factible: true
Trayectoria: 345,332,181,14,982,187,816,678,823,7,656,2,9,1,829,661,832,663,657,508,986,505,168,19,839,496,182,172,815,184,667,173,673,507,653,654,820,26,490,344,665,676,163,329,509,493,979,837,8,662,331,995,984,164,11,1003,349,999,334,674,985,500,825,343,510,660,20,504,511,327,670,350,840,297,980,336,826,444,17,501,25,492,491,499,347,668,176,23,352,978,5,6,988,1004,351,22,185,991,27,353,990,333,981,3,165,174,4,817,489,77,183,75,346,171,652,1075,483,512,821,179,671,16,520,186,675,339,244,340,502,1038,12,828,822,1001,74,166,658,666,818,655,819,330,1073,169,1037,326,328,167,495,494

Semilla: 12345
Costo: 0.144871
Factible: true
Trayectoria: 171,652,483,1075,821,512,179,671,16,520,186,675,244,339,1038,12,828,502,340,183,75,346,77,489,17,826,444,164,11,501,984,995,491,25,492,499,347,817,4,174,988,23,176,668,352,978,5,6,1004,351,981,165,3,333,990,353,27,991,185,22,26,820,654,345,332,181,14,982,187,816,678,823,7,507,653,490,344,665,676,163,673,173,2,656,667,184,815,9,986,508,657,663,832,661,829,1,168,505,19,839,496,182,172,329,509,493,979,837,8,999,662,331,349,1003,334,674,985,343,510,660,20,825,500,504,511,327,670,350,840,336,980,297,1001,74,822,166,658,666,818,655,819,330,1073,169,1037,326,328,167,495,494

Semilla: 987654321
Costo: 0.141160
Factible: true
Trayectoria: 494,495,167,328,326,1037,169,1073,330,819,655,818,666,658,166,74,1001,822,828,12,1038,502,340,244,339,675,186,520,16,671,179,171,652,1075,483,512,821,75,346,183,77,489,4,174,988,165,3,981,990,353,27,333,991,185,22,351,1004,6,5,978,352,668,176,23,817,347,499,492,25,491,984,501,11,164,17,444,826,840,336,980,297,350,670,327,511,504,20,660,510,343,825,500,985,674,334,1003,349,999,8,662,331,995,837,979,493,509,329,19,839,496,182,172,815,168,505,986,508,657,663,832,661,829,1,9,2,656,667,184,173,673,163,676,665,344,490,654,653,507,7,823,678,816,187,982,14,181,332,345,820,26

Semilla: 2147483647
Costo: 0.140994
Factible: true
Trayectoria: 183,75,346,77,171,652,1075,483,512,821,179,671,16,520,186,675,1038,12,828,502,340,244,339,826,444,17,25,492,491,499,347,817,489,4,174,23,176,668,352,978,5,6,988,165,3,981,333,990,353,27,991,185,22,351,1004,163,676,665,344,653,490,654,26,820,345,332,181,14,982,187,816,678,823,7,507,2,656,667,184,173,673,839,496,182,172,815,9,832,663,657,661,829,1,986,508,168,505,19,329,509,493,979,837,995,984,501,164,11,1003,349,331,662,8,999,334,674,985,343,510,660,20,825,500,504,511,327,670,350,840,336,980,297,1001,74,822,166,658,666,818,655,819,330,1073,169,1037,326,328,167,495,494

Semilla: 6195882057724809285
Costo: 0.142197
Factible: true
Trayectoria: 494,495,167,328,326,1037,169,1073,330,819,655,818,666,658,166,822,74,1001,297,980,336,840,350,670,327,511,504,985,500,825,20,660,510,343,8,662,331,999,334,674,11,164,501,984,1003,349,995,837,979,493,509,329,163,673,182,172,496,839,19,505,168,1,829,661,832,663,657,508,986,9,815,184,667,173,2,656,507,653,654,7,823,678,816,187,982,14,181,332,345,820,26,490,344,665,676,22,185,351,991,27,353,990,333,981,3,165,4,174,988,1004,6,5,978,352,668,176,23,817,489,347,499,491,492,25,17,444,826,244,339,1038,12,828,502,340,675,186,520,16,671,179,512,821,1075,483,652,171,346,75,183,77

========================================
