========================================
 REPORTE DE EJECUCIÓN TSP
========================================

Fecha: 18/09/2026 13:56:18
Modo: multi
Semillas: [1 42 123 456 789 2026 12345 987654321 2147483647 6195882057724809285]
Tiempo total: 474.68932ms

----------------------------------------
PARÁMETROS
----------------------------------------

{Lote:150 MaxIntentosPorLote:60 MaxLotesPorTemperatura:200 Phi:0.95 Epsilon:1e-06 Aceptacion:0.9 EpsilonP:0.02 IteracionesPorcentaje:200}

----------------------------------------
RESULTADOS
----------------------------------------

Semilla: 1
Costo: 41081.358850
Factible: false
Trayectoria: 166,658,666,818,655,819,330,1073,169,1037,326,328,167,495,494,510,660,20,343,985,500,825,504,511,327,670,350,840,336,980,297,1001,74,822,828,12,1038,502,340,675,186,520,16,671,179,512,821,1075,483,652,171,77,183,346,75,244,339,826,444,17,25,492,491,499,347,817,489,4,174,988,165,3,981,333,990,353,27,991,351,1004,6,5,978,352,23,176,668,163,172,182,496,839,815,173,184,667,656,2,507,653,344,673,665,676,22,185,26,820,654,490,816,345,332,181,14,982,187,678,823,7,1,829,661,657,663,832,9,986,508,168,505,19,329,509,493,979,837,995,984,501,164,11,1003,349,331,662,8,999,334,674

Semilla: 42
Costo: 41081.357590
Factible: false
Trayectoria: 166,658,666,818,655,819,330,1073,169,1037,326,328,167,495,494,510,660,20,343,979,837,995,984,501,164,11,1003,349,331,662,8,999,334,674,985,500,825,504,511,327,670,350,840,336,980,297,1001,74,822,828,12,1038,502,340,675,186,520,16,671,179,512,821,1075,483,652,171,77,183,346,75,244,339,826,444,17,25,492,491,499,347,817,489,4,174,3,333,990,353,27,991,185,22,351,981,165,988,1004,6,5,978,352,23,176,668,493,509,329,19,839,496,182,172,163,676,665,673,507,653,344,490,654,26,820,345,332,181,14,982,187,816,678,823,7,2,656,667,184,173,815,505,168,9,508,986,1,829,661,832,663,657

Semilla: 123
Costo: 41081.356873
Factible: false
Trayectoria: 166,658,666,818,655,819,330,1073,169,1037,326,328,167,495,494,510,660,20,825,500,985,343,999,334,674,504,327,511,11,164,501,984,1003,349,995,331,662,8,837,979,493,509,329,986,508,168,505,19,163,172,182,496,839,815,184,667,173,673,665,676,344,490,654,653,507,656,2,9,832,663,657,661,829,1,7,823,678,816,187,982,14,181,332,345,820,26,22,185,991,27,353,990,333,3,165,4,174,988,981,351,1004,6,5,978,352,668,176,23,817,489,347,499,491,492,25,17,444,826,840,350,670,336,980,297,1001,74,822,828,12,1038,502,340,675,186,520,16,671,179,512,821,1075,483,652,171,77,183,346,75,244,339

Semilla: 456
Costo: 41081.354303
Factible: false
Trayectoria: 166,658,666,818,655,819,330,1073,169,1037,326,328,167,495,494,510,660,20,343,985,500,825,504,511,327,670,350,840,336,980,297,1001,74,822,828,12,1038,502,340,675,186,520,16,652,1075,483,171,77,183,346,75,821,512,179,671,339,244,826,444,17,501,164,11,1003,334,674,999,8,662,331,995,349,984,491,492,25,347,499,489,4,174,988,165,3,981,333,990,353,27,991,185,22,351,1004,6,5,978,352,668,176,23,817,493,979,837,509,329,19,505,168,508,986,657,663,832,661,829,1,9,2,656,667,184,173,815,839,496,182,172,163,676,665,673,507,653,344,490,654,26,820,345,332,181,14,982,187,816,678,823,7

Semilla: 789
Costo: 41081.354543
Factible: false
Trayectoria: 819,655,818,666,658,166,1073,330,169,1037,326,328,167,495,494,510,660,20,343,985,500,825,504,511,327,670,350,840,336,980,297,1001,74,822,828,12,1038,502,340,675,186,520,16,652,1075,483,171,77,183,346,75,821,512,179,671,339,244,826,444,17,501,164,11,1003,334,674,999,8,662,331,995,349,984,491,492,25,347,499,489,4,174,988,165,3,981,333,990,353,27,991,185,22,351,1004,6,5,978,352,668,176,23,817,493,979,837,509,329,19,505,168,508,986,657,663,832,661,829,1,9,2,656,667,184,173,815,839,496,182,172,163,676,665,673,507,653,344,490,654,26,820,345,332,181,14,982,187,816,678,823,7

Semilla: 2026
Costo: 67453.978293
Factible: false
Trayectoria: 652,1075,483,171,77,183,346,75,821,512,179,671,16,520,186,675,340,502,1038,12,828,822,74,1001,297,980,336,840,350,670,327,511,826,339,244,444,17,501,164,11,1003,334,674,985,500,825,504,20,660,510,343,999,8,662,331,995,349,984,491,492,25,347,499,489,4,174,988,165,3,981,333,990,353,27,991,185,22,351,1004,6,5,978,352,668,176,23,817,493,979,837,509,329,19,839,496,182,172,163,676,665,673,507,653,344,490,654,26,820,345,332,181,14,982,187,816,678,823,7,2,656,667,184,173,815,505,168,9,1,829,661,832,663,657,986,508,495,167,328,326,169,1073,330,819,655,818,666,658,166,1037,494

Semilla: 12345
Costo: 41081.353411
Factible: false
Trayectoria: 166,658,666,818,655,819,330,1073,169,1037,326,328,167,495,494,510,660,20,343,985,500,825,504,511,327,670,350,840,336,980,297,1001,74,822,828,12,1038,502,340,675,186,520,16,652,1075,483,171,77,183,346,75,821,512,179,671,339,244,826,444,17,501,164,11,1003,349,674,334,999,8,662,331,995,984,491,499,492,25,489,817,347,837,979,493,509,329,19,839,496,182,172,163,673,665,676,22,185,351,1004,6,5,978,352,668,176,23,988,174,4,165,3,981,990,353,27,333,991,26,820,345,332,181,14,982,187,816,678,823,7,654,490,344,653,507,2,656,667,184,173,815,505,168,9,832,661,663,657,829,1,986,508

Semilla: 987654321
Costo: 41081.357590
Factible: false
Trayectoria: 166,658,666,818,655,819,330,1073,169,1037,326,328,167,495,494,510,660,20,343,979,837,995,984,501,164,11,1003,349,331,662,8,999,334,674,985,500,825,504,511,327,670,350,840,336,980,297,1001,74,822,828,12,1038,502,340,675,186,520,16,671,179,512,821,1075,483,652,171,77,183,346,75,244,339,826,444,17,25,492,491,499,347,817,489,4,174,3,333,990,353,27,991,185,22,351,981,165,988,1004,6,5,978,352,23,176,668,493,509,329,19,839,496,182,172,163,676,665,673,507,653,344,490,654,26,820,345,332,181,14,982,187,816,678,823,7,2,656,667,184,173,815,505,168,9,508,986,1,829,661,832,663,657

Semilla: 2147483647
Costo: 41081.354953
Factible: false
Trayectoria: 166,658,666,818,655,819,330,1073,169,1037,326,328,167,495,494,510,660,20,343,985,500,825,504,511,327,670,350,840,336,980,297,1001,74,822,828,12,1038,502,340,675,186,520,16,671,179,512,821,1075,483,652,171,77,183,346,75,244,339,826,444,17,164,11,674,334,999,8,662,331,995,349,1003,984,501,25,492,491,499,347,837,979,493,509,329,163,673,665,676,22,351,1004,6,5,978,352,668,176,23,988,165,981,3,174,4,817,489,333,990,353,27,991,185,26,820,345,332,181,14,982,187,816,678,823,7,654,490,344,653,507,2,656,667,184,173,815,172,182,496,839,19,505,168,9,986,508,657,663,832,661,829,1

Semilla: 6195882057724809285
Costo: 41081.358849
Factible: false
Trayectoria: 166,658,666,818,655,819,330,1073,169,1037,326,328,167,495,494,510,660,20,343,979,837,995,984,501,164,11,1003,349,331,662,8,999,334,674,985,500,825,504,511,327,670,350,840,336,980,297,1001,74,822,828,12,1038,502,340,675,186,520,16,671,179,512,821,1075,483,652,171,77,183,346,75,244,339,826,444,17,25,492,491,499,347,817,489,4,174,988,23,176,668,352,978,5,6,1004,351,981,165,3,333,990,353,27,991,185,22,26,820,345,332,181,14,982,187,816,678,823,7,2,656,667,184,507,653,654,490,344,676,665,673,163,493,509,329,496,182,172,173,815,839,19,505,168,9,508,986,1,829,661,832,663,657

========================================
