========================================
 REPORTE DE EJECUCIÓN TSP
========================================

Fecha: 18/09/2026 14:00:03
Modo: multi
Semillas: [1 42 123 456 789 2026 12345 987654321 2147483647 6195882057724809285]
Tiempo total: 5.609906537s

----------------------------------------
PARÁMETROS
----------------------------------------

{Lote:150 MaxIntentosPorLote:5000 MaxLotesPorTemperatura:2 Phi:0.95 Epsilon:1e-06 Aceptacion:0.9 EpsilonP:0.02 IteracionesPorcentaje:200}

----------------------------------------
RESULTADOS
----------------------------------------

Semilla: 1
Costo: 0.152240
Factible: true
Trayectoria: 494,495,167,328,326,1037,169,1073,330,819,655,818,666,658,166,74,1001,822,828,12,1038,502,340,183,75,346,77,171,652,1075,483,512,821,179,671,16,520,186,675,339,244,826,980,297,336,840,350,511,327,670,20,660,510,343,985,500,825,504,674,334,999,8,662,331,349,1003,984,501,11,164,444,17,491,499,492,25,489,347,995,837,979,493,817,23,176,668,352,978,5,6,1004,988,174,4,165,3,333,27,353,990,981,351,991,185,22,676,490,654,26,820,345,332,181,14,982,187,816,678,823,7,653,344,665,163,509,329,496,182,172,184,667,507,656,2,173,673,815,839,19,505,168,9,832,663,657,661,829,1,986,508

Semilla: 42
Costo: 0.143868
Factible: true
Trayectoria: 489,77,183,75,346,171,652,483,1075,821,512,179,671,16,520,186,675,340,502,828,12,1038,339,244,826,444,17,164,11,501,984,25,492,491,499,347,817,4,174,3,165,988,23,176,668,352,978,5,6,1004,981,990,353,27,333,991,351,22,185,26,820,345,332,181,14,982,187,816,678,823,7,507,673,653,654,490,344,665,676,163,172,182,496,839,815,173,184,667,656,2,661,832,663,657,829,1,986,508,9,168,505,19,329,509,493,979,837,995,331,662,8,999,349,1003,674,334,343,510,660,20,825,500,985,504,511,327,670,350,840,336,980,297,1001,74,822,166,658,666,818,655,819,330,1073,169,1037,326,328,167,495,494

Semilla: 123
Costo: 0.145455
Factible: true
Trayectoria: 494,495,167,328,326,1037,169,1073,330,819,655,818,666,658,166,822,74,1001,297,980,336,840,826,444,17,25,492,499,491,501,984,349,1003,11,164,334,674,511,327,350,670,504,985,500,825,20,660,510,343,999,8,662,331,995,837,979,493,509,329,163,172,815,839,182,496,19,505,168,508,986,657,663,832,661,829,1,9,2,656,667,184,173,673,507,653,344,665,676,490,654,7,823,678,816,187,982,14,181,332,345,820,26,22,185,991,27,353,990,333,3,981,351,1004,6,5,978,352,668,176,23,988,165,174,4,817,347,489,77,171,483,1075,652,179,512,821,75,346,183,16,671,520,186,675,339,244,340,502,1038,12,828

Semilla: 456
Costo: 0.141437
Factible: true
Trayectoria: 183,75,346,77,171,652,483,1075,821,512,179,671,16,520,186,675,340,502,828,12,1038,339,244,826,444,17,164,11,501,984,491,492,25,489,499,347,817,4,174,165,988,23,176,668,352,978,5,6,1004,351,981,3,333,990,353,27,991,185,22,26,820,676,665,344,653,490,654,345,332,181,14,982,187,816,678,823,7,507,2,656,667,184,815,173,673,163,172,182,496,839,19,9,1,829,661,832,663,657,986,508,168,505,329,509,493,979,837,8,999,662,331,995,349,1003,334,674,985,500,825,343,510,660,20,504,511,327,670,350,840,336,980,297,1001,74,822,166,658,666,818,655,819,330,1073,169,1037,326,328,167,495,494

Semilla: 789
Costo: 0.149183
Factible: true
Trayectoria: 494,495,167,328,326,1037,169,1073,330,819,655,818,666,658,166,74,1001,822,828,12,1038,502,340,520,16,183,77,171,346,75,821,512,483,1075,652,179,671,186,675,339,244,297,980,336,840,350,670,20,660,510,825,500,343,349,1003,11,164,501,984,995,331,662,8,999,334,674,985,504,327,511,826,444,17,25,492,491,499,347,837,979,493,509,329,19,839,496,182,172,163,676,22,185,981,990,353,27,333,3,165,988,174,4,489,817,23,176,668,352,978,5,6,1004,351,991,26,820,345,332,181,14,982,187,816,678,823,7,507,653,654,490,344,665,673,173,2,656,667,184,815,168,505,986,508,9,832,663,657,661,829,1

Semilla: 2026
Costo: 0.148087
Factible: true
Trayectoria: 167,495,494,326,328,169,1037,1073,330,819,655,818,666,658,166,74,1001,822,828,12,1038,502,340,675,186,520,16,183,75,346,77,171,652,1075,483,512,821,179,671,339,244,826,444,17,164,11,501,984,349,1003,334,674,504,327,511,350,840,297,980,336,670,985,500,825,20,660,510,343,999,8,662,331,995,837,979,493,509,329,163,673,173,815,172,182,496,839,19,505,168,1,829,661,832,663,657,508,986,9,2,656,667,184,507,7,823,678,816,187,982,14,181,332,345,820,26,654,490,653,344,665,676,22,185,991,27,353,990,333,3,165,981,351,1004,988,6,5,978,352,668,176,23,817,174,4,489,25,492,491,499,347

Semilla: 12345
Costo: 0.144788
Factible: true
Trayectoria: 494,495,167,328,326,1037,169,330,819,655,818,666,658,1073,166,822,74,1001,297,980,336,840,350,670,327,511,504,20,660,510,343,825,500,985,674,334,1003,11,164,501,491,499,347,995,984,349,999,8,662,331,837,979,493,509,329,163,172,182,496,19,839,815,505,168,9,1,829,661,832,663,657,508,986,2,656,507,667,184,173,673,665,676,490,344,653,654,7,823,678,816,187,982,14,181,332,345,820,26,991,185,22,351,1004,5,6,988,981,990,353,27,333,3,165,174,4,978,352,668,176,23,817,489,25,492,17,444,826,244,339,1038,12,828,502,340,675,186,520,16,671,179,652,1075,483,512,821,75,346,183,77,171

Semilla: 987654321
Costo: 0.143906
Factible: true
Trayectoria: 828,12,1038,502,340,244,339,675,186,520,16,671,179,821,512,483,1075,652,171,346,75,183,77,27,353,990,333,981,3,165,988,174,4,817,23,176,668,352,978,5,6,1004,351,991,185,22,676,163,673,665,344,653,490,654,26,820,345,332,181,14,982,187,816,678,823,7,507,656,2,173,184,667,832,661,663,657,829,1,9,986,508,168,505,815,172,182,496,839,19,329,509,493,979,837,995,331,662,8,999,343,510,660,20,825,500,985,504,674,334,1003,349,984,11,164,501,25,492,491,499,347,489,17,444,826,511,327,670,350,840,336,980,297,1001,74,822,166,658,666,818,655,819,330,1073,169,1037,326,328,167,495,494

Semilla: 2147483647
Costo: 0.143834
Factible: true
Trayectoria: 494,495,167,328,326,1037,169,1073,330,819,655,818,666,658,166,822,74,1001,297,980,336,840,350,670,327,511,504,500,825,20,660,510,343,985,674,999,334,826,444,17,25,492,499,347,491,984,501,164,11,1003,349,995,331,662,8,837,979,493,509,329,163,673,173,667,184,815,172,182,496,839,19,505,168,508,986,1,829,661,657,663,832,9,2,656,507,653,344,665,676,490,654,7,823,678,816,187,982,14,181,332,345,820,26,991,185,22,351,1004,981,990,353,27,333,3,165,988,6,5,978,352,668,176,23,817,174,4,489,77,183,512,821,75,346,171,483,1075,652,179,671,16,520,186,675,339,244,340,502,1038,12,828

Semilla: 6195882057724809285
Costo: 0.144183
Factible: true
Trayectoria: 494,495,167,328,326,1037,169,1073,330,819,655,818,666,658,166,74,1001,822,828,12,1038,340,502,339,244,675,186,520,16,671,75,346,183,179,512,821,1075,483,652,171,77,489,817,4,174,3,333,27,353,990,981,165,988,23,176,668,352,978,5,6,1004,351,991,185,22,676,665,344,653,490,654,26,820,345,332,181,14,982,187,816,678,823,7,507,673,173,2,656,667,184,815,839,9,1,829,661,832,663,657,986,508,168,505,19,496,182,172,163,329,509,493,979,837,995,984,501,164,11,1003,349,331,662,8,999,674,334,343,985,500,825,504,327,511,350,670,20,660,510,336,980,297,840,826,444,17,25,492,491,499,347

========================================
