========================================
 REPORTE DE EJECUCIÓN TSP
========================================

Fecha: 18/09/2026 13:42:43
Modo: multi
Semillas: [1 42 123 456 789 2026 12345 987654321 2147483647 6195882057724809285]
Tiempo total: 848.926166ms

----------------------------------------
PARÁMETROS
----------------------------------------

{Lote:1 MaxIntentosPorLote:5000 MaxLotesPorTemperatura:200 Phi:0.95 Epsilon:1e-06 Aceptacion:0.9 EpsilonP:0.02 IteracionesPorcentaje:200}

----------------------------------------
RESULTADOS
----------------------------------------

Semilla: 1
Costo: 41081.355413
Factible: false
Trayectoria: 166,658,666,818,655,819,330,1073,169,1037,326,328,167,495,494,510,660,20,670,350,840,336,980,297,822,74,1001,826,444,511,327,504,825,500,985,343,334,674,999,8,662,331,995,837,979,493,509,329,496,182,172,815,839,19,505,168,508,986,1,829,657,663,661,832,9,2,656,507,667,184,173,673,163,676,665,344,490,653,7,823,678,816,187,982,14,181,332,345,654,820,26,991,185,22,351,1004,6,5,978,352,668,176,23,988,165,981,990,353,27,333,3,174,4,817,347,984,349,1003,11,164,501,17,25,492,491,499,489,77,346,75,183,16,520,186,675,340,502,828,12,1038,339,244,671,179,512,821,1075,483,652,171

Semilla: 42
Costo: 0.160200
Factible: true
Trayectoria: 167,495,494,326,328,169,1037,1073,330,819,655,818,666,658,166,74,1001,822,828,12,1038,502,340,297,980,510,660,20,825,500,985,343,334,999,8,662,331,995,349,1003,984,491,492,499,347,837,979,493,509,668,176,23,352,978,5,6,1004,351,163,329,19,168,505,986,508,657,663,832,661,829,1,9,2,656,667,184,173,815,839,496,172,182,673,665,676,344,653,507,7,823,678,816,187,982,14,181,332,345,490,654,820,26,22,185,991,27,353,990,333,981,3,165,988,174,4,817,489,25,17,444,501,164,11,674,504,511,327,670,350,840,336,826,244,339,675,186,520,16,671,179,183,77,346,75,821,512,483,1075,652,171

Semilla: 123
Costo: 0.148762
Factible: true
Trayectoria: 507,653,344,490,654,816,7,823,678,187,982,14,181,345,332,26,820,676,665,163,172,496,19,839,182,673,173,2,656,667,184,815,9,1,829,661,832,663,657,508,986,505,168,329,509,493,979,837,8,662,331,995,984,491,499,347,668,176,23,352,978,5,6,1004,351,22,185,991,27,353,990,333,981,3,165,988,174,4,817,489,25,492,17,444,826,11,164,501,1003,349,999,334,674,985,343,510,660,20,825,500,504,511,327,670,350,840,336,980,297,244,339,675,186,671,179,512,821,1075,483,652,171,77,346,75,183,16,520,340,502,1038,12,828,822,1001,74,166,658,666,818,655,819,330,1073,169,1037,326,328,167,495,494

Semilla: 456
Costo: 41081.367998
Factible: false
Trayectoria: 26,820,654,490,653,344,676,665,673,163,493,979,347,499,491,501,492,25,489,77,75,346,171,652,483,1075,821,512,179,183,16,671,520,186,675,340,502,1038,12,828,822,1001,74,166,1073,658,666,818,655,819,330,169,1037,326,328,167,495,494,510,660,20,825,500,985,343,334,674,504,511,327,670,350,297,980,336,840,826,339,244,444,17,164,11,1003,349,984,995,331,662,999,8,837,509,329,172,182,496,839,19,505,168,508,986,1,829,661,657,663,832,9,2,173,815,184,667,656,507,7,823,678,816,187,982,14,181,345,332,353,990,27,333,3,165,988,174,4,817,23,176,668,352,978,5,6,1004,981,351,22,185,991

Semilla: 789
Costo: 0.169595
Factible: true
Trayectoria: 658,666,818,655,819,330,169,326,328,167,495,494,1037,1073,166,74,1001,822,828,12,1038,502,340,520,16,186,675,339,244,297,980,336,840,350,670,327,511,504,985,500,825,20,660,510,343,999,674,826,444,346,75,821,512,1075,652,483,671,179,183,77,489,25,17,501,11,164,334,1003,349,662,8,331,995,984,491,492,499,347,817,4,174,165,3,333,27,171,990,353,981,351,1004,988,6,5,978,352,23,176,668,837,979,493,509,329,163,673,665,676,22,185,991,26,820,345,332,181,14,982,187,816,678,823,7,654,490,344,653,507,656,2,173,667,184,815,172,182,496,839,19,505,168,508,986,9,832,661,663,657,829,1

Semilla: 2026
Costo: 0.155370
Factible: true
Trayectoria: 244,339,1038,12,828,502,340,675,186,520,16,671,179,652,1075,483,512,821,75,183,346,171,77,333,3,981,990,353,27,991,185,22,351,1004,6,5,978,352,23,176,668,509,19,839,496,182,172,163,676,665,344,653,490,654,26,820,345,332,181,14,982,187,816,678,823,7,507,2,656,667,184,173,673,815,832,661,663,657,829,1,986,508,9,168,505,329,493,979,837,331,662,8,999,674,334,1003,349,995,984,501,491,499,347,817,988,165,174,4,489,25,492,17,444,826,11,164,511,504,825,500,985,343,510,660,20,670,327,350,840,336,980,297,1001,74,822,166,658,666,818,655,819,330,1073,1037,169,328,326,494,495,167

Semilla: 12345
Costo: 41081.357575
Factible: false
Trayectoria: 166,658,666,818,655,819,330,1073,169,1037,326,328,167,495,494,510,660,20,825,500,985,343,334,674,999,8,662,331,349,1003,984,995,837,979,493,509,329,19,505,168,508,986,1,829,657,663,661,832,9,815,839,496,182,172,173,184,667,656,2,507,673,163,676,665,344,653,490,654,7,823,678,816,187,982,14,181,332,345,820,26,981,333,3,165,4,174,988,23,176,668,352,978,5,6,1004,351,22,185,991,27,353,990,171,652,483,1075,821,75,346,77,183,512,179,671,16,520,186,675,340,502,1038,12,828,822,74,1001,297,980,336,840,350,670,504,327,511,826,339,244,444,17,164,11,501,25,492,491,499,347,817,489

Semilla: 987654321
Costo: 0.150321
Factible: true
Trayectoria: 494,495,167,328,326,1037,169,330,819,655,818,666,658,1073,166,822,74,1001,297,980,336,840,350,670,327,511,504,20,660,510,343,825,500,985,674,334,164,11,826,444,17,501,25,492,499,491,984,1003,349,999,8,662,331,995,837,979,493,509,329,505,168,508,986,1,829,657,663,661,832,9,815,184,667,507,656,2,173,839,19,496,182,172,163,673,665,676,490,344,653,7,823,678,816,187,982,14,181,332,345,654,820,26,22,185,991,27,353,990,333,981,3,165,988,351,1004,6,5,978,352,668,176,23,174,4,817,347,489,77,171,346,183,75,821,512,483,1075,652,179,520,16,671,244,339,186,675,340,502,1038,12,828

Semilla: 2147483647
Costo: 0.150493
Factible: true
Trayectoria: 494,495,167,328,326,1037,169,1073,330,819,655,818,666,658,166,74,1001,822,828,12,1038,502,340,297,980,336,840,350,670,327,511,504,20,660,510,343,825,500,985,674,334,999,8,662,331,349,1003,11,164,501,984,995,347,176,23,352,668,837,979,493,509,329,163,172,182,496,839,19,505,168,508,986,1,829,657,663,661,832,9,815,184,667,507,656,2,173,673,665,344,653,490,676,22,26,820,654,7,823,678,816,187,982,14,181,345,332,353,990,27,991,185,351,1004,978,5,6,981,333,3,165,988,174,4,817,489,499,491,492,25,17,444,826,244,339,675,186,520,16,671,179,171,652,1075,483,512,821,75,346,183,77

Semilla: 6195882057724809285
Costo: 0.149117
Factible: true
Trayectoria: 494,495,167,328,326,1037,169,1073,330,819,655,818,666,658,166,822,74,1001,297,980,336,339,244,340,502,828,12,1038,675,186,520,671,16,183,77,346,75,821,512,179,652,1075,483,171,990,353,27,333,3,981,351,22,185,991,1004,6,5,978,352,668,176,23,988,165,174,4,489,817,347,499,984,349,1003,11,164,501,491,492,25,17,444,826,840,350,670,327,511,504,500,825,20,660,510,343,985,674,334,999,8,662,331,995,837,979,493,509,329,163,676,490,26,820,654,653,344,665,673,173,184,667,832,661,663,657,829,1,986,508,9,168,505,19,496,182,839,815,172,2,656,507,7,823,678,816,187,982,14,181,332,345

========================================
