========================================
 REPORTE DE EJECUCIÓN TSP
========================================

Fecha: 17/09/2026 03:36:36
Modo: simple
Semillas: [42]
Tiempo total: 6.995041505s

----------------------------------------
PARÁMETROS
----------------------------------------

{Lote:200 MaxIntentosPorLote:5000 MaxLotesPorTemperatura:200 Phi:0.99 Epsilon:1e-06 Aceptacion:0.9 EpsilonP:0.02 IteracionesPorcentaje:200}

----------------------------------------
RESULTADOS
----------------------------------------

Semilla: 42
Evaluación: 0.000000
Costo: 0.236769
Factible: true
Trayectoria: [48 28 76 75 46 30 146 148 50 117 94 103 97 116 27 143 120 21 110 56 81 57 10 147 44 42 90 124 12 107 22 119 89 61 31 91 149 69 36 39 23 70 3 138 145 4 62 72 78 64 82 132 45 55 129 15 109 142 58 47 54 135 80 63 144 141 100 7 9 13 73 18 25 106 122 79 98 136 87 88 123 68 51 127 131 74 49 104 108 40 8 126 99 1 84 111 71 92 24 14 113 77 83 137 0 125 85 86 38 128 96 101 29 32 33 95 121 112 6 43 37 134 11 60 118 19 114 102 93 59 67 20 34 26 17 35 5 105 65 133 115 139 53 130 66 2 16 140 41 52]

========================================
