========================================
 REPORTE DE EJECUCIÓN TSP
========================================

Fecha: 17/09/2026 04:20:27
Modo: simple
Semillas: [42]
Tiempo total: 6.754958657s

----------------------------------------
PARÁMETROS
----------------------------------------

{Lote:200 MaxIntentosPorLote:5000 MaxLotesPorTemperatura:200 Phi:0.99 Epsilon:1e-06 Aceptacion:0.9 EpsilonP:0.02 IteracionesPorcentaje:200}

----------------------------------------
RESULTADOS
----------------------------------------

Semilla: 42
Evaluación: 0.000000
Costo: 0.143767
Factible: true
Trayectoria: [75 76 28 48 46 146 30 148 50 117 94 116 103 97 27 21 143 120 124 10 147 81 57 44 56 110 42 90 12 107 36 31 91 149 69 89 119 22 61 39 23 70 115 62 78 72 73 18 13 68 123 129 55 45 132 87 98 15 106 64 88 47 82 122 79 136 58 142 7 100 51 63 144 109 54 25 9 80 135 141 127 131 74 86 49 83 29 85 137 96 101 126 99 125 0 8 113 128 14 77 38 32 40 104 95 1 33 108 24 102 59 92 84 6 121 112 114 43 134 11 37 52 60 118 19 93 71 111 16 41 140 65 145 5 4 130 66 105 35 17 138 34 3 26 2 133 53 20 139 67]

========================================
